Z_SCORE DETECTIONS
Time: 0, Nodes: 0,1,2,3,4,5,6,7,8,9,10,11,12
Time: 1, Nodes: 0,1,2,3,4,5,6,7,8,9,10,11,12
Time: 2, Nodes: 0,1,2,3,4,5,6,7,8,9,10,11,12
Time: 3, Nodes: 0,1,2,3,4,5,6,7,8,9,11,12
Time: 4, Nodes: 0,1,2,3,4,5,6,7,8,9,10,11,12
Time: 5, Nodes: 0,1,2,3,4,5,6,7,8,9,10,11,12
Time: 6, Nodes: 0,1,2,3,4,5,6,7,8,9,10,11,12
Time: 7, Nodes: 0,2,3,4,5,6,7,8,9,10,11,12
Time: 8, Nodes: 0,1,2,3,4,5,6,7,8,9,10,11,12
Time: 9, Nodes: 0,1,2,3,4,5,6,7,8,9,10,11,12
Time: 10, Nodes: 0,1,2,3,4,5,6,7,8,9,10,11,12
Time: 11, Nodes: 0,1,2,3,4,5,6,7,8,9,10,11,12
Time: 12, Nodes: 0,1,2,3,4,5,6,7,8,9,10,11,12
Time: 13, Nodes: 0,1,2,3,4,5,6,7,8,9,10,11,12
Time: 14, Nodes: 0,1,2,3,4,5,6,7,8,9,10,11,12
Time: 15, Nodes: 0,1,2,3,4,5,6,7,8,9,10,11,12
Time: 16, Nodes: 0,1,2,3,4,5,6,7,8,9,10,11,12
Time: 17, Nodes: 0,1,2,3,4,5,6,7,8,9,10,11,12
Time: 18, Nodes: 0,1,2,3,4,5,6,7,8,9,10,11,12
Time: 19, Nodes: 0,1,2,3,4,5,6,7,8,9,10,11,12
Time: 20, Nodes: 0,1,2,3,4,5,6,7,8,9,10,11,12
Time: 21, Nodes: 0,1,2,3,4,5,6,7,8,9,10,11,12
Time: 22, Nodes: 0,1,2,3,4,5,6,7,8,9,10,11,12
Time: 23, Nodes: 0,1,2,3,4,5,6,7,8,9,10,11,12
Time: 24, Nodes: 0,1,2,3,4,5,6,7,8,9,10,11,12
Time: 25, Nodes: 0,1,2,3,4,5,6,7,8,9,10,11,12
Time: 26, Nodes: 0,1,2,3,4,5,6,7,8,9,10,11,12
Time: 27, Nodes: 0,1,2,3,4,5,6,7,8,9,10,11,12
Time: 28, Nodes: 0,1,2,3,4,5,6,7,8,9,10,11,12
Time: 29, Nodes: 0,1,2,3,4,5,6,7,8,9,10,11,12
Time: 30, Nodes: 0,1,2,3,4,5,6,7,8,9,10,11,12
Time: 31, Nodes: 0,1,2,3,4,5,6,7,8,9,10,11,12
Time: 32, Nodes: 0,1,2,3,4,5,6,7,8,9,10,11,12
Time: 33, Nodes: 0,1,2,3,4,5,6,7,8,9,10,11,12
Time: 34, Nodes: 0,1,2,3,4,5,6,7,8,9,10,11,12
Time: 35, Nodes: 0,1,2,3,4,5,6,7,8,9,10,11,12
Time: 36, Nodes: 0,1,2,3,4,5,7,8,9,10,11,12
Time: 37, Nodes: 2,5,7
Time: 38, Nodes: 0,1,2,3,5,6,7,8,9,10,11,12
Time: 39, Nodes: 0,1,2,3,5,6,7,8,9,10,11,12
Time: 40, Nodes: 0,1,2,3,5,6,7,8,9,10,11,12
Time: 41, Nodes: 0,1,2,3,4,5,7,8,9,10,11,12
Time: 42, Nodes: 4,5,7
Time: 43, Nodes: 4,5,7
Time: 44, Nodes: 4,5,7
Time: 45, Nodes: 4,5,7
Time: 46, Nodes: 4,5,7
Time: 47, Nodes: 4,5,7
Time: 48, Nodes: 4,5,7
Time: 49, Nodes: 0,1,4,5,7,11
Time: 50, Nodes: 0,1,3,4,5,6,7,8,9,10,11,12
Time: 51, Nodes: 0,1,3,4,5,6,7,8,9,10,11,12
Time: 52, Nodes: 0,1,3,4,5,6,7,8,9,10,12
Time: 53, Nodes: 0,1,3,4,5,6,7,8,9,10,12
Time: 54, Nodes: 0,1,3,4,5,6,7,8,9,10,12
Time: 55, Nodes: 0,1,3,4,5,6,7,8,9,10,12
Time: 56, Nodes: 0,1,3,4,5,6,7,8,9,10,12
Time: 57, Nodes: 0,1,3,4,6,8,9,10,12
Time: 58, Nodes: 0,1,3,6,8,10,12
Time: 59, Nodes: 0,1,3,6,8,10,12
Time: 60, Nodes: 0,1,3,6,8,10,12
Time: 61, Nodes: 0,1,3,6,8,10,12
Time: 62, Nodes: 0,1,3,6,8,10,12
Time: 63, Nodes: 0,1,3,6,8,10,12
Time: 64, Nodes: 0,1,3,6,8,10,12
Time: 64, Nodes: 0,1,3,6,8,10,12
Time: 65, Nodes: 0,1,3,6,8,12
Time: 66, Nodes: 0,1,3,6,8,12
Time: 67, Nodes: 0,1,3,6,8,12
Time: 68, Nodes: 0,1,3,6,8,12
Time: 69, Nodes: 0,1,3,6,8,12
Time: 70, Nodes: 0,1,3,6,8,12
Time: 71, Nodes: 0,1,3,6,8,12
Time: 72, Nodes: 0,1,3,6,8,12
Time: 72, Nodes: 0,1,3,6,8,12
Time: 73, Nodes: 0,1,3,6,8,12
Time: 74, Nodes: 0,1,3,6,8,12
Time: 75, Nodes: 0,1,3,6,8,12
Time: 76, Nodes: 0,1,3,6,8,12
Time: 77, Nodes: 0,1,3,6,8,12
Time: 78, Nodes: 0,1,3,6,8,12
Time: 79, Nodes: 0,1,3,6,8,12
Time: 80, Nodes: 0,1,3,6,8,12
Time: 81, Nodes: 0,1,3,6,8,12
Time: 82, Nodes: 0,1,3,6,8,12
Time: 83, Nodes: 0,1,3,6,8,12
Time: 84, Nodes: 0,1,3,6,8,12
Time: 85, Nodes: 0,1,3,6,8,12
Time: 86, Nodes: 0,1,3,6,8,12
Time: 87, Nodes: 0,1,3,6,8,12
Time: 87, Nodes: 0,1,3,6,8,12
Time: 88, Nodes: 0,1,3,6,8,12
Time: 89, Nodes: 0,1,3,6,8,12
Time: 90, Nodes: 0,1,3,6,8,12
Time: 91, Nodes: 0,1,3,6,8,12
Time: 92, Nodes: 0,1,3,6,8,12
Time: 93, Nodes: 0,1,3,6,8,12
Time: 94, Nodes: 0,1,3,6,8,12
Time: 95, Nodes: 0,1,3,6,8,12
Time: 96, Nodes: 0,1,3,6,8,12
Time: 97, Nodes: 0,1,3,6,8,12
Time: 98, Nodes: 0,1,3,6,8
Time: 99, Nodes: 0,1,3,6,8
Time: 100, Nodes: 0,1,3,6,8
Time: 101, Nodes: 0,1,3,6,8
Time: 102, Nodes: 0,1,3,8
Time: 103, Nodes: 0,1,3,8
Time: 104, Nodes: 0,1,3,8,12
Time: 104, Nodes: 0,1,3,8,12
Time: 105, Nodes: 0,1,3,8,12
Time: 106, Nodes: 0,1,3,8,12
Time: 107, Nodes: 0,1,8,12
Time: 108, Nodes: 0,1,12
Time: 109, Nodes: 0,1,12
Time: 110, Nodes: 0,1,12
Time: 111, Nodes: 0,1,12
Time: 112, Nodes: 0,1,12
Time: 113, Nodes: 0,1,12
Time: 114, Nodes: 0,1,12
Time: 115, Nodes: 0,1,12
Time: 116, Nodes: 0,1,12
Time: 117, Nodes: 0,1,12
Time: 118, Nodes: 0,1,12
Time: 119, Nodes: 0,1,12
Time: 120, Nodes: 0,1,12
Time: 121, Nodes: 0,1,12
Time: 122, Nodes: 0,1,12
Time: 123, Nodes: 0,1,12
Time: 124, Nodes: 0,1,12
Time: 125, Nodes: 0,1,12
Time: 126, Nodes: 0,1,12
Time: 127, Nodes: 0,1,12
Time: 128, Nodes: 0,1,12
Time: 129, Nodes: 0,1,12
Time: 130, Nodes: 0,1,10,12
Time: 131, Nodes: 0,1,10,11,12
Time: 132, Nodes: 0,1,6,10,11,12
Time: 133, Nodes: 0,1,6,11,12
Time: 134, Nodes: 0,1,6,11,12
Time: 135, Nodes: 0,1,2,6,11,12
Time: 136, Nodes: 0,1,2,6,11,12
Time: 137, Nodes: 0,1,2,6,11,12
Time: 138, Nodes: 0,1,2,6,11,12
Time: 139, Nodes: 0,1,2,6,11,12
Time: 140, Nodes: 0,1,2,6,11,12
Time: 141, Nodes: 0,1,2,6,11,12
Time: 142, Nodes: 0,1,2,6,11,12
Time: 143, Nodes: 0,1,2,6,11,12
Time: 144, Nodes: 0,1,2,6,11,12
Time: 145, Nodes: 0,1,2,6,11,12
Time: 146, Nodes: 0,1,2,6,11,12
Time: 147, Nodes: 0,1,2,6,11,12
Time: 148, Nodes: 0,1,2,6,8,11,12
Time: 149, Nodes: 0,1,2,6,8,11,12
Time: 150, Nodes: 0,1,2,4,6,8,11,12
Time: 151, Nodes: 0,1,2,4,6,8,10,11,12
Time: 152, Nodes: 0,1,2,4,6,8,10,11,12
Time: 153, Nodes: 0,1,2,4,6,8,10,11,12
Time: 154, Nodes: 0,1,2,4,6,8,10,11,12
Time: 155, Nodes: 0,1,2,4,6,8,10,11,12
Time: 156, Nodes: 0,1,2,4,6,8,10,11,12
Time: 157, Nodes: 1,2,3,6,8,11,12
Time: 157, Nodes: 1,2,3,6,8,11,12
Time: 158, Nodes: 1,2,3,6,8,11,12
Time: 159, Nodes: 0,1,2,3,6,8,11,12
Time: 160, Nodes: 0,1,2,3,6,8,11,12
Time: 161, Nodes: 0,1,2,3,6,8,11,12
Time: 162, Nodes: 0,1,2,4,5,6,8,11,12
Time: 163, Nodes: 0,1,2,4,5,6,8,10,11,12
Time: 164, Nodes: 0,1,2,4,5,6,8,10,11,12
Time: 165, Nodes: 0,1,2,4,5,6,8,10,11,12
Time: 166, Nodes: 0,1,2,4,5,6,8,10,11,12
Time: 167, Nodes: 0,1,2,4,5,6,8,10,11,12
Time: 168, Nodes: 0,1,2,4,5,6,8,10,11,12
Time: 169, Nodes: 0,1,2,4,5,6,8,10,11,12
Time: 170, Nodes: 0,1,2,4,5,6,8,10,11,12
Time: 171, Nodes: 0,1,2,4,5,6,8,10,11,12
Time: 172, Nodes: 0,1,2,4,5,6,8,10,11,12
Time: 173, Nodes: 0,1,2,4,5,6,8,10,11,12
Time: 174, Nodes: 0,1,2,4,5,6,8,10,11,12
Time: 175, Nodes: 0,1,2,4,5,6,8,10,11,12
Time: 176, Nodes: 0,1,2,4,5,6,8,10,11,12
Time: 177, Nodes: 0,1,2,4,5,6,8,10,11,12
Time: 178, Nodes: 0,1,2,4,5,6,8,10,11,12
Time: 179, Nodes: 0,1,2,4,5,6,8,10,11,12
Time: 180, Nodes: 0,1,2,4,5,6,8,10,11,12
Time: 181, Nodes: 0,1,2,4,5,6,8,11,12
Time: 182, Nodes: 0,1,2,4,5,6,8,11,12
Time: 183, Nodes: 0,1,2,5,6,8,11,12
Time: 184, Nodes: 0,1,2,3,5,6,8,11,12
Time: 185, Nodes: 0,1,2,3,5,6,8,11,12
Time: 186, Nodes: 0,1,2,3,4,5,6,8,9,11,12
Time: 187, Nodes: 0,1,2,3,5,6,8,9,11,12
Time: 188, Nodes: 0,1,2,3,5,6,8,9,11,12
Time: 189, Nodes: 0,1,2,3,5,8,9,11,12
Time: 190, Nodes: 0,1,2,3,5,8,9,11,12
Time: 191, Nodes: 0,1,2,3,5,8,9,11,12
Time: 192, Nodes: 0,1,2,3,5,8,9,11,12
Time: 193, Nodes: 0,1,2,3,5,8,9,11,12
Time: 194, Nodes: 0,1,2,3,5,8,9,11,12
Time: 195, Nodes: 0,1,2,3,5,8,11,12
Time: 196, Nodes: 0,1,2,3,5,8,11,12
Time: 197, Nodes: 0,1,2,3,5,8,11,12
Time: 198, Nodes: 1,2,3,5,8,11,12
Time: 199, Nodes: 1,2,3,5,8,11,12
Time: 200, Nodes: 1,2,3,5,8,11,12
Time: 201, Nodes: 1,2,3,5,8,11,12
Time: 202, Nodes: 1,2,3,5,8,11,12
Time: 203, Nodes: 1,2,3,5,8,11,12
Time: 204, Nodes: 1,2,3,5,8,11,12
Time: 205, Nodes: 1,2,3,5,7,8,11,12
Time: 206, Nodes: 1,2,3,5,7,8,11,12
Time: 207, Nodes: 1,2,3,5,7,8,11,12
Time: 208, Nodes: 1,2,3,5,7,8,11,12
Time: 209, Nodes: 1,2,3,5,7,8,11,12
Time: 210, Nodes: 1,2,3,5,7,8,11,12
Time: 211, Nodes: 1,2,3,5,7,8,11,12
Time: 212, Nodes: 1,2,3,5,7,8,11,12
Time: 213, Nodes: 1,2,3,5,7,8,11,12
Time: 214, Nodes: 1,2,3,5,7,8,11,12
Time: 215, Nodes: 1,2,3,5,7,8,11,12
Time: 216, Nodes: 1,2,3,5,7,8,11,12
Time: 217, Nodes: 1,2,3,5,7,8,11,12
Time: 218, Nodes: 1,2,3,5,7,8,11,12
Time: 219, Nodes: 1,2,3,5,7,8,11,12
Time: 220, Nodes: 1,2,3,5,7,8,11,12
Time: 221, Nodes: 1,2,3,5,7,8,11,12
Time: 222, Nodes: 0,1,2,3,5,6,7,8,11,12
Time: 223, Nodes: 0,1,2,3,5,6,7,8,11,12
Time: 224, Nodes: 0,1,2,3,5,6,7,8,11,12
Time: 225, Nodes: 0,1,2,3,5,6,7,8,9,11,12
Time: 226, Nodes: 0,1,2,3,5,6,7,8,9,11,12
Time: 227, Nodes: 0,1,2,3,5,6,7,8,9,11,12
Time: 228, Nodes: 0,1,2,3,5,6,7,8,9,11,12
Time: 229, Nodes: 0,1,2,3,5,6,7,8,9,11,12
Time: 230, Nodes: 0,1,2,3,5,6,7,8,9,11,12
Time: 231, Nodes: 0,1,2,3,5,6,7,8,9,11,12
Time: 232, Nodes: 0,1,2,3,5,6,7,8,9,11,12
Time: 233, Nodes: 0,1,2,3,5,6,8,9,10,11,12
Time: 234, Nodes: 0,1,2,3,5,6,8,9,10,11,12
Time: 235, Nodes: 0,1,2,3,4,5,6,8,9,10,11,12
Time: 236, Nodes: 0,1,2,3,5,6,8,9,10,11,12
Time: 237, Nodes: 0,1,2,3,5,6,8,9,10,11,12
Time: 238, Nodes: 0,1,2,3,5,6,8,9,10,11,12
Time: 239, Nodes: 0,1,2,3,5,6,8,9,11,12
Time: 240, Nodes: 0,1,2,3,5,6,8,9,11,12
Time: 241, Nodes: 0,1,2,3,5,6,7,8,9,11,12
Time: 242, Nodes: 0,1,2,3,5,6,7,8,10,11,12
Time: 243, Nodes: 0,1,2,3,5,6,7,8,10,11,12
Time: 244, Nodes: 0,1,2,3,5,6,7,8,10,11,12
Time: 245, Nodes: 0,1,2,3,5,6,7,8,10,11,12
Time: 246, Nodes: 0,1,2,3,5,6,7,8,10,11,12
Time: 247, Nodes: 0,1,2,3,5,6,7,8,10,11,12
Time: 248, Nodes: 0,1,2,3,5,6,7,8,10,11,12
Time: 249, Nodes: 0,1,2,3,5,6,7,8,10,11,12
Time: 250, Nodes: 0,1,2,3,5,6,7,8,10,11,12
Time: 251, Nodes: 1,2,3,5,6,7,8,10,11,12
Time: 252, Nodes: 1,2,3,5,6,7,8,10,11,12
Time: 253, Nodes: 1,2,3,5,6,7,8,10,11,12
Time: 254, Nodes: 0,1,2,3,5,6,7,8,9,10,11,12
Time: 255, Nodes: 0,1,2,3,5,6,7,8,9,10,11,12
Time: 256, Nodes: 0,1,2,3,5,6,8,9,10,11,12
Time: 257, Nodes: 0,1,2,3,5,6,8,9,10,11,12
Time: 258, Nodes: 0,1,2,3,5,6,8,9,10,11,12
Time: 259, Nodes: 0,1,2,3,5,6,7,8,9,10,11,12
Time: 260, Nodes: 0,1,2,3,5,6,7,8,9,10,11,12
Time: 261, Nodes: 0,1,2,3,5,6,7,8,9,10,11,12
Time: 262, Nodes: 0,1,2,3,5,6,7,8,9,10,11,12
Time: 263, Nodes: 0,1,2,3,5,6,7,8,9,10,11,12
Time: 264, Nodes: 0,1,2,3,5,6,7,8,9,10,11,12
Time: 265, Nodes: 0,1,2,3,5,6,7,8,9,10,11,12
Time: 266, Nodes: 0,1,2,3,5,6,7,8,9,10,11,12
Time: 267, Nodes: 0,1,2,3,5,6,7,8,9,10,11,12
Time: 268, Nodes: 0,1,2,3,5,6,7,8,9,10,11,12
Time: 269, Nodes: 0,1,2,3,5,6,7,8,9,10,11,12
Time: 270, Nodes: 0,1,2,3,5,6,7,8,9,10,11,12
Time: 271, Nodes: 0,1,2,3,5,6,7,8,9,10,11,12
Time: 272, Nodes: 0,1,2,3,5,6,7,8,9,10,11,12
Time: 273, Nodes: 0,1,2,3,5,6,7,8,9,10,11,12
Time: 274, Nodes: 0,1,2,3,5,6,7,8,9,10,11,12
Time: 275, Nodes: 0,1,2,3,5,6,7,8,9,10,11,12
Time: 276, Nodes: 0,1,2,3,5,6,7,8,9,11,12
Time: 277, Nodes: 0,1,2,3,4,5,6,7,8,9,11,12
Time: 278, Nodes: 0,1,2,3,4,5,6,7,8,9,10,11,12
Time: 279, Nodes: 0,1,2,3,4,5,6,7,8,9,10,11,12
Time: 280, Nodes: 0,1,2,3,4,5,6,7,8,9,10,11,12
Time: 281, Nodes: 0,2,3,4,5,6,7,8,9,10,11,12
Time: 282, Nodes: 2,3,5,6,7,8,9,10,11,12
Time: 283, Nodes: 2,3,5,6,7,8,9,10,11,12
Time: 284, Nodes: 2,3,5,6,7,8,9,10,11,12
Time: 285, Nodes: 2,3,5,6,7,9,10,11,12
Time: 286, Nodes: 2,3,5,6,7,9,10,11,12
Time: 287, Nodes: 2,3,5,6,7,9,10,11,12
Time: 288, Nodes: 2,3,5,6,7,9,10,11,12
Time: 289, Nodes: 2,3,5,6,7,9,10,11,12
Time: 290, Nodes: 2,3,5,6,7,9,10,11,12
Time: 291, Nodes: 2,3,5,6,7,9,10,11,12
Time: 292, Nodes: 2,3,5,6,7,9,10,11,12
Time: 293, Nodes: 2,3,5,6,7,9,10,11,12
Time: 294, Nodes: 2,3,5,6,7,9,10,11,12
Time: 295, Nodes: 2,3,5,6,7,9,10,11,12
Time: 296, Nodes: 2,3,5,6,7,9,11,12
Time: 297, Nodes: 2,3,5,6,7,9,11,12
Time: 298, Nodes: 2,3,5,6,7,9,11,12
Time: 299, Nodes: 2,3,5,6,8,9,11,12
Time: 300, Nodes: 2,3,5,6,7,8,9,10,11,12
Time: 301, Nodes: 0,2,3,5,6,7,8,9,10,11,12
Time: 302, Nodes: 0,2,3,5,6,7,8,9,10,11,12
Time: 303, Nodes: 0,1,2,3,5,6,7,8,9,10,11,12
Time: 304, Nodes: 0,1,2,3,5,6,7,8,9,10,11,12
Time: 305, Nodes: 0,1,2,3,5,6,7,8,9,10,11,12
Time: 306, Nodes: 0,1,2,3,5,6,7,8,9,10,11,12
Time: 307, Nodes: 0,1,2,3,5,6,7,8,9,10,11,12
Time: 308, Nodes: 0,1,2,3,5,6,7,8,9,10,11,12
Time: 309, Nodes: 0,1,2,3,5,6,7,8,9,10,11,12
Time: 310, Nodes: 0,1,2,3,5,6,7,8,9,10,11,12
Time: 311, Nodes: 0,1,2,3,5,6,7,8,9,10,11,12
Time: 312, Nodes: 0,1,2,3,5,6,7,8,9,10,11,12
Time: 313, Nodes: 0,1,2,3,5,6,7,8,10,11,12
Time: 314, Nodes: 0,1,2,3,5,6,7,8,10,11,12
Time: 315, Nodes: 0,1,2,3,5,6,7,8,10,11,12
Time: 316, Nodes: 0,1,2,3,5,6,7,8,10,11,12
Time: 317, Nodes: 0,1,2,3,5,6,7,8,10,11,12
Time: 318, Nodes: 0,1,2,3,5,6,7,8,10,11,12
Time: 319, Nodes: 0,1,2,3,5,6,7,8,10,11,12
Time: 320, Nodes: 0,1,2,3,5,6,7,8,10,11,12
Time: 321, Nodes: 0,1,2,3,5,6,7,8,10,11,12
Time: 322, Nodes: 0,1,2,3,5,6,7,8,10,11,12
Time: 323, Nodes: 0,1,2,3,5,6,7,8,10,11,12
Time: 324, Nodes: 0,1,2,3,5,6,7,8,10,11,12
Time: 325, Nodes: 0,1,2,3,5,6,7,8,10,11,12
Time: 326, Nodes: 0,1,2,3,5,6,7,8,10,11,12
Time: 327, Nodes: 0,1,2,3,5,6,7,8,10,11,12
Time: 328, Nodes: 0,1,2,3,5,6,7,8,10,11,12
Time: 329, Nodes: 0,1,2,3,5,6,7,8,10,11,12
Time: 330, Nodes: 0,1,2,3,5,6,7,8,10,11,12
Time: 331, Nodes: 0,1,2,3,5,6,7,8,10,11,12
Time: 332, Nodes: 0,1,2,3,5,6,7,8,10,11,12
Time: 333, Nodes: 0,1,2,3,5,6,7,8,10,11,12
Time: 334, Nodes: 0,1,2,3,5,6,7,8,10,11,12
Time: 335, Nodes: 0,1,2,3,5,6,7,8,10,11,12
Time: 336, Nodes: 0,1,2,3,5,6,7,8,10,11,12
Time: 337, Nodes: 0,1,2,3,5,6,7,8,10,11,12
Time: 338, Nodes: 0,1,2,3,5,6,7,8,10,11,12
Time: 339, Nodes: 0,1,2,3,5,6,7,8,10,11,12
Time: 340, Nodes: 0,1,2,3,5,6,7,8,10,11,12
Time: 341, Nodes: 0,1,2,3,5,6,7,8,10,11,12
Time: 342, Nodes: 0,1,2,3,5,6,7,8,10,11,12
Time: 343, Nodes: 0,1,2,3,5,6,7,8,10,11,12
Time: 344, Nodes: 0,1,2,3,5,6,7,8,10,11,12
Time: 345, Nodes: 0,1,2,3,5,6,7,8,10,11,12
Time: 346, Nodes: 0,1,2,3,5,6,7,8,10,11,12
Time: 347, Nodes: 0,1,2,3,5,6,7,8,10,11,12
Time: 348, Nodes: 0,1,2,3,5,6,7,8,10,11,12
Time: 349, Nodes: 0,1,2,3,5,6,7,8,10,11,12
Time: 350, Nodes: 0,1,2,3,5,6,7,8,10,11,12
Time: 351, Nodes: 0,1,2,3,5,6,7,8,10,11,12
Time: 352, Nodes: 0,1,2,3,5,6,7,8,10,11,12
Time: 353, Nodes: 0,1,2,3,5,6,7,8,10,11,12
Time: 354, Nodes: 0,1,2,3,5,6,7,8,10,11,12
Time: 355, Nodes: 0,1,2,3,5,6,7,8,10,11,12
Time: 356, Nodes: 0,1,2,3,5,6,7,8,10,11,12
Time: 357, Nodes: 0,1,2,3,5,6,7,8,10,11,12
